0 200
5
0 1500 690 1300 1900
0 3400 690 3300 3700
2 2375 480 2350 2500
1 10000 640 9900 10800
0 14100 690 14100 14800
1
500 650
54
0 2300 135
0 3100 175
0 3700 195
3 1500 400
3 1700 400
3 1900 400
3 6300 300
3 6500 300
3 6600 200
3 6700 200
3 6800 200
3 6900 200
3 7000 200
3 7300 200
3 7400 200
3 7500 200
4 11000 450
4 11000 550
4 11000 650
4 10900 550
4 10900 650
4 10800 650
4 11300 450
4 11300 550
4 11300 650
4 11400 550
4 11400 650
4 11500 650

0 12700 135

4 15000 650
4 15100 650
4 15100 550
4 15200 650
4 15200 550
4 15200 450
4 15300 650
4 15300 550
4 15300 450
4 15300 350
4 15400 650
4 15400 550
4 15400 450
4 15400 350
4 15400 250
4 15500 650
4 15500 550
4 15500 450
4 15500 350
4 15500 250
4 15500 150

0 14800 135

3 13300 400
3 13400 400
3 13600 400
6
1 1200 400 0
0 1600 400 0
0 1800 400 1
0 6400 300 0
0 7600 200 0
0 13500 400 1
24
3 16960 225
2 0 640
1 700 100
0 900 700
2 1200 700
0 1500 700
1 1300 0
1 2500 00
1 3000 -200
1 3700 -500
1 5500 -100
1 6300 -300
1 6400 -300
1 6500 -300
0 5500 700
0 7200 700
2 7700 640
0 8400 700
2 9000 640
1 9500 0
1 10200 -200
1 10300 -200
1 10400 -200
2 15700 640
3
5300 2
6900 3
12000 3
0
0
0
1 16500