200 -350
0
0
43
5 0 650
5 0 550
5 0 450
5 0 350
5 0 250
5 0 150
5 0 50
5 0 -50
5 0 -150
5 0 -250
5 0 -350
5 0 -450
5 0 -550
5 0 -650
5 0 -750
5 400 650
5 400 550
5 400 450
5 500 650
5 500 550
5 500 450
5 600 650
5 600 550
5 600 450
5 700 650
5 700 550
5 700 450
5 800 650
5 800 550
5 800 450
5 900 650
5 900 550
5 900 450
5 1000 650
5 1000 550
5 1000 450
5 400 -750
5 500 -750
5 600 -750
5 700 -750
5 800 -750
5 900 -750
5 1000 -750
7
0 400 150 0
0 500 150 0
0 600 150 0
0 700 150 0
0 800 150 0
0 900 150 0
0 1000 150 0
0
0
0
1
1 1500 100
1
0