180 200
0
0
47
0 5100 175
3 1100 599
3 1098 625
4 5500 650
4 5600 650
4 5600 550
4 5700 650
4 5700 550
4 5700 450
4 5800 650
4 5800 550
4 5800 450
4 5800 350
4 5900 650
4 5900 550
4 5900 450
4 5900 350
4 5900 250
4 6000 650
4 6000 550
4 6000 450
4 6000 350
4 6000 250
4 6000 150
4 6100 650
4 6100 550
4 6100 450
4 6100 350
4 6100 250
4 6100 150
4 6100 50
4 6200 650
4 6200 550
4 6200 450
4 6200 350
4 6200 250
4 6200 150
4 6200 50
4 6200 -50
4 6300 650
4 6300 550
4 6300 450
4 6300 350
4 6300 250
4 6300 150
4 6300 50
4 6300 -50
0
8
1 1000 150
1 400 -250
1 1800 -300
1 5550 -250
1 7500 -150
2 6600 650
3 0 225
3 7660 225
1
2000 20
0
1
0 1000 100
0
1
7200
