100 200
1
0 1500 690 1400 1700
0
754
0 10100 195
0 16800 195
0 17200 195
0 17600 195
0 9500 175
0 10700 135

3 0 750
3 0 850
3 100 750
3 100 850
3 200 750
3 200 850
3 300 750
3 300 850
3 400 750
3 400 850
3 500 750
3 500 850
3 600 750
3 600 850
3 700 750
3 700 850
3 800 750
3 800 850
3 900 750
3 900 850
3 1000 750
3 1000 850
3 1100 750
3 1100 850
3 1200 750
3 1200 850
3 1300 750
3 1300 850
3 1400 750
3 1400 850
3 1500 750
3 1500 850
3 1600 750
3 1600 850
3 1700 750
3 1700 850
3 1800 750
3 1800 850
3 1900 750
3 1900 850
3 2000 750
3 2000 850
3 2100 750
3 2100 850
3 2200 750
3 2200 850
3 2300 750
3 2300 850
3 2400 750
3 2400 850
3 2500 750
3 2500 850
3 2600 750
3 2600 850
3 2700 750
3 2700 850
3 2800 750
3 2800 850
3 2900 750
3 2900 850
3 3000 750
3 3000 850
3 3100 750
3 3100 850
3 3200 750
3 3200 850
3 3300 750
3 3300 850
3 3400 750
3 3400 850
3 3500 750
3 3500 850
3 3600 750
3 3600 850
3 3700 750
3 3700 850
3 3800 750
3 3800 850
3 3900 750
3 3900 850
3 4000 750
3 4000 850
3 4100 750
3 4100 850
3 4200 750
3 4200 850
3 4300 750
3 4300 850
3 4400 750
3 4400 850
3 4500 750
3 4500 850
3 4600 750
3 4600 850
3 4700 750
3 4700 850
3 4800 750
3 4800 850
3 4900 750
3 4900 850
3 5000 750
3 5000 850
3 5100 750
3 5100 850
3 5200 750
3 5200 850
3 5300 750
3 5300 850
3 5400 750
3 5400 850
3 5500 750
3 5500 850
3 5600 750
3 5600 850
3 5700 750
3 5700 850
3 5800 750
3 5800 850
3 5900 750
3 5900 850
3 6000 750
3 6000 850
3 6100 750
3 6100 850
3 6200 750
3 6200 850
3 6300 750
3 6300 850
3 6400 750
3 6400 850
3 6500 750
3 6500 850
3 6600 750
3 6600 850
3 6700 750
3 6700 850
3 6800 750
3 6800 850
3 6900 750
3 6900 850
3 7000 750
3 7000 850
3 7100 750
3 7100 850
3 7400 750
3 7400 850
3 7500 750
3 7500 850
3 7600 750
3 7600 850
3 7700 750
3 7700 850
3 7800 750
3 7800 850
3 7900 750
3 7900 850
3 8000 750
3 8000 850
3 8100 750
3 8100 850
3 8200 750
3 8200 850
3 8300 750
3 8300 850
3 8400 750
3 8400 850
3 8500 750
3 8500 850
3 8600 750
3 8600 850
3 8700 750
3 8700 850
3 8800 750
3 8800 850
3 8900 750
3 8900 850
3 9000 750
3 9000 850
3 9100 750
3 9100 850
3 9200 750
3 9200 850
3 9300 750
3 9300 850
3 9400 750
3 9400 850
3 9500 750
3 9500 850
3 9600 750
3 9600 850
3 9700 750
3 9700 850
3 9800 750
3 9800 850
3 9900 750
3 9900 850
3 10000 750
3 10000 850
3 10100 750
3 10100 850
3 10200 750
3 10200 850
3 10300 750
3 10300 850
3 10400 750
3 10400 850
3 10500 750
3 10500 850
3 10600 750
3 10600 850
3 10700 750
3 10700 850
3 10800 750
3 10800 850
3 10900 750
3 10900 850
3 11000 750
3 11000 850
3 11100 750
3 11100 850
3 11400 750
3 11400 850
3 11500 750
3 11500 850
3 11800 750
3 11800 850
3 11900 750
3 11900 850
3 12000 750
3 12000 850
3 12100 750
3 12100 850
3 12200 750
3 12200 850
3 12300 750
3 12300 850
3 12400 750
3 12400 850
3 12500 750
3 12500 850
3 12600 750
3 12600 850
3 12700 750
3 12700 850
3 13500 750
3 13500 850
3 13600 750
3 13600 850
3 13700 750
3 13700 850
3 13800 750
3 13800 850
3 13900 750
3 13900 850
3 14000 750
3 14000 850
3 14100 750
3 14100 850
3 14200 750
3 14200 850
3 15000 750
3 15000 850
3 15100 750
3 15100 850
3 15200 750
3 15200 850
3 15300 750
3 15300 850
3 15400 750
3 15400 850
3 15500 750
3 15500 850
3 15600 750
3 15600 850
3 15700 750
3 15700 850
3 15800 750
3 15800 850
3 15900 750
3 15900 850
3 16000 750
3 16000 850
3 16100 750
3 16100 850
3 16200 750
3 16200 850
3 16300 750
3 16300 850
3 16400 750
3 16400 850
3 16500 750
3 16500 850
3 16600 750
3 16600 850
3 16700 750
3 16700 850
3 16800 750
3 16800 850
3 16900 750
3 16900 850
3 17000 750
3 17000 850
3 17100 750
3 17100 850
3 17200 750
3 17200 850
3 17300 750
3 17300 850
3 17400 750
3 17400 850
3 17500 750
3 17500 850
3 17600 750
3 17600 850
3 17700 750
3 17700 850
3 17800 750
3 17800 850
3 17900 750
3 17900 850
3 18000 750
3 18000 850
3 18100 750
3 18100 850

9 1700 650
9 1900 650
9 1900 550
9 2100 650
9 2100 550
9 2100 450
9 2300 650
9 2300 550
9 2300 450
9 2300 350
9 2500 650
9 2500 550
9 2500 450
9 2500 350
9 2700 650
9 2700 550
9 2700 450
9 3100 650
9 3100 550
9 3100 450
9 3300 650
9 3300 550
9 12300 650
9 12400 650
9 12400 550
9 12500 650
9 12500 550
9 12500 450
9 12600 650
9 12600 550
9 12600 450
9 12600 350
9 12700 650
9 12700 550
9 12700 450
9 12700 350

5 0 650
5 0 550
5 0 450
5 0 350 
5 0 250
5 0 150
5 0 50
5 0 -50
5 0 -150
5 0 -250
5 0 -350
5 2900 250
5 600 -350
5 700 -350
5 800 -350
5 900 -350
5 1000 -350
5 1100 -350
5 1200 -350
5 1300 -350
5 1400 -350
5 1500 -350
5 1600 -350
5 1700 -350
5 1800 -350
5 1900 -350
5 2000 -350
5 2100 -350
5 2200 -350
5 2300 -350
5 2400 -350
5 2500 -350
5 2600 -350
5 2700 -350
5 2800 -350
5 2900 -350
5 3000 -350
5 3100 -350
5 3200 -350
5 3300 -350
5 3400 -350
5 3500 -350
5 3600 -350
5 3700 -350
5 3800 -350
5 3900 -350
5 4000 -350
5 4100 -350
5 4200 -350
5 4300 -350
5 4400 -350
5 4500 -350
5 4600 -350
5 4700 -350
5 4900 -350
5 5000 -350
5 5100 -350
5 5200 -350
5 5300 -350
5 5400 -350
5 5500 -350
5 5600 -350
5 5700 -350
5 5800 -350
5 5900 -350
5 6000 -350
5 6100 -350
5 6200 -350
5 6300 -350
5 6400 -350
5 6500 -350
5 6600 -350
5 6700 -350
5 6800 -350
5 6900 -350
5 7000 -350
5 7100 -350
5 7200 -350
5 7300 -350
5 7400 -350
5 7500 -350
5 7600 -350
5 7700 -350
5 7800 -350
5 7900 -350
5 8000 -350
5 8100 -350
5 8200 -350
5 8300 -350
5 8400 -350
5 8500 -350
5 8600 -350
5 8700 -350
5 8800 -350
5 8900 -350
5 9000 -350
5 9100 -350
5 9200 -350
5 9300 -350
5 9400 -350
5 9500 -350
5 9600 -350
5 9700 -350
5 9800 -350
5 9900 -350
5 10000 -350
5 10100 -350
5 10200 -350
5 10300 -350
5 10400 -350
5 10500 -350
5 10600 -350
5 10700 -350
5 10800 -350
5 10900 -350
5 10900 -350
5 11000 -350
5 11100 -350
5 11200 -350
5 11300 -350
5 11400 -350
5 11500 -350
5 11600 -350
5 11700 -350
5 11800 -350
5 11900 -350
5 12000 -350
5 12100 -350
5 12200 -350
5 12300 -350
5 12400 -350
5 12500 -350
5 12600 -350
5 12700 -350
5 15100 -350
5 15200 -350
5 15300 -350
5 15400 -350
5 15500 -350
5 15600 -350
5 15700 -350
5 15800 -350
5 16000 -350
5 16100 -350
5 16200 -350
5 16300 -350
5 16400 -350
5 16500 -350
5 16600 -350
5 16700 -350
5 16800 -350
5 16900 -350
5 17000 -350
5 17100 -350
5 17200 -350
5 17300 -350
5 17400 -350
5 17500 -350
5 17600 -350
5 18000 -350
5 18100 -350
5 3900 350
5 3900 250
5 3900 150
5 4000 350
5 4100 350
5 4100 250
5 4100 150
5 4200 150
5 4300 150
5 4400 150
5 4400 250
5 4400 350

5 4600 350
5 4600 250
5 4600 150
5 5200 350
5 5200 250
5 5200 150
5 5200 50
5 5200 -50


5 5300 150
5 5300 50
5 5300 -50
5 5400 550
5 5400 450
5 5400 350
5 5500 550
5 5500 450
5 5500 350
5 5400 -150
5 5400 -250
5 5500 -150
5 5500 -250
5 5800 350
5 5900 350
5 6000 350
5 6100 350
5 6200 350
5 6200 250
5 6200 150
5 6200 50
5 6200 -50
5 6300 350
5 6300 250
5 6300 150
5 6300 50
5 6300 -50
5 5800 -150
5 5900 -150
5 6000 -150
5 6100 -150
5 6200 -150
5 6300 -150
5 5800 -250
5 5900 -250
5 6000 -250
5 6100 -250
5 6200 -250
5 6300 -250
5 6700 350
5 6800 350
5 6900 350
5 6900 250
5 6700 250
5 6700 150
5 6700 50
5 6700 -50
5 6600 -150
5 6700 -150
5 6800 -150
5 6900 -150
5 6600 -250
5 6700 -250
5 6800 -250
5 6900 -250
5 7200 350
5 7200 250
5 7200 150
5 7200 50
5 7200 -50
5 7300 350
5 7300 250
5 7300 150
5 7300 50
5 7300 -50
5 7600 250
5 7700 250
5 7800 250
5 7900 250
5 8000 250
5 8100 250
5 7600 150
5 7700 150
5 7800 150
5 7900 150
5 8000 150
5 8100 150
5 11400 650
5 11400 550

5 11500 650
5 11500 550

5 13500 250
5 13600 250
5 13700 250
5 13800 250
5 13900 250
5 14000 250
5 15000 650
5 15000 550
5 15000 450
5 15100 650
5 15100 550
5 15100 450
5 15200 650
5 15200 550
5 15200 450
5 15300 650
5 15300 550
5 15300 450
5 15400 650
5 15400 550
5 15400 450
5 15500 650
5 15500 550
5 15500 450
5 15600 650
5 15600 550
5 15600 450
5 15700 650
5 15700 550
5 15700 450
5 15800 650
5 15800 550
5 15800 450
5 15900 650
5 15900 550
5 15900 450
5 16000 650
5 16000 550
5 16000 450
5 16000 350
5 16000 250
5 16000 150
5 16000 50
5 16000 -50
5 16000 -150
5 16000 -250
5 16100 650
5 16100 550
5 16100 450
5 16100 350
5 16100 250
5 16100 150
5 16100 50
5 16100 -50
5 16100 -150
5 16100 -250
5 16200 650
5 16200 550
5 16200 450
5 16200 350
5 16200 250
5 16200 150
5 16200 50
5 16200 -50
5 16200 -150
5 16200 -250
5 16300 650
5 16300 550
5 16300 450
5 16300 350
5 16300 250
5 16300 150
5 16300 50
5 16300 -50
5 16300 -150
5 16300 -250
5 16400 650
5 16400 550
5 16400 450
5 16400 350
5 16400 250
5 16400 150
5 16400 50
5 16400 -50
5 16400 -150
5 16400 -250
5 16500 650
5 16500 550
5 16500 450
5 16500 350
5 16500 250
5 16500 150
5 16500 50
5 16500 -50
5 16500 -150
5 16500 -250
5 16600 650
5 16600 550
5 16600 450
5 16600 350
5 16600 250
5 16600 150
5 16600 50
5 16600 -50
5 16600 -150
5 16600 -250
5 18000 650
5 18000 550
5 18000 450
5 18000 350
5 18000 250
5 18000 150
5 18000 50
5 18000 -50
5 18000 -150
5 18000 -250
5 18100 650
5 18100 550
5 18100 450
5 18100 350
5 18100 250
5 18100 150
5 18100 50
5 18100 -50
5 18100 -150
5 18100 -250
10
0 1000 350 1
0 1100 350 0
0 1200 350 0
0 1300 350 0
0 1400 350 0
0 4800 350 2
0 5000 350 2
1 5300 350 0
1 5300 250 0
1 4500 350 0

0
5
7200 2
11200 2
11600 2
12800 7
14300 7
4
13000 750
13000 150
14500 625
14500 -50
1
1 15800 385
1 
0

