200 900
0
0
79
4 0 650
4 0 550
4 0 450
4 0 350
4 0 250
4 0 150
4 0 50
4 0 -50
4 0 -150
4 0 -250
4 0 -350
4 300 350
4 400 350
4 500 350
4 600 350
4 700 350
4 800 350
4 900 350
4 1000 350
4 1100 350
4 1200 350
4 1300 450
4 1300 350
4 1300 250
4 1300 150
4 1300 50
4 1400 450
4 1400 350
4 1400 250
4 1400 150
4 1400 50
4 300 -50
4 400 -50
4 500 -50
4 600 -50
4 700 -50
4 800 -50
4 900 -50
4 1000 -50
4 1100 -50
4 1200 -50
4 1300 -50
4 1400 -50
4 300 -150
4 400 -150
4 500 -150
4 600 -150
4 700 -150
4 800 -150
4 900 -150
4 1000 -150
4 1100 -150
4 1200 -150
4 1300 -150
4 1400 -150
4 300 -250
4 400 -250
4 500 -250
4 600 -250
4 700 -250
4 800 -250
4 900 -250
4 1000 -250
4 1100 -250
4 1200 -250
4 1300 -250
4 1400 -250
4 300 -350
4 400 -350
4 500 -350
4 600 -350
4 700 -350
4 800 -350
4 900 -350
4 1000 -350
4 1100 -350
4 1200 -350
4 1300 -350
4 1400 -350
0
0
0
0
1
1 1300 90
1
0

