0
0
38
6 1100 600
7 1200 600
7 1300 600
8 1400 600

6 1600 400
7 1700 400
7 1800 400
7 1900 400
7 2000 400
7 2100 400
7 2200 400
8 2300 400

6 2400 600
7 2500 600
8 2600 600

6 2700 300
7 2800 300
7 2900 300
7 3000 300
8 3100 300

6 1800 0
7 1900 0
7 2000 0
7 2100 0
8 2200 0

6 3200 100
7 3300 100
7 3400 100
7 3500 100
7 3600 100
7 3700 100
8 3800 100

6 3900 700
7 4000 700
8 4100 700

6 4600 700
7 4700 700
8 4800 700

0
54
4 1200 700
4 1300 700
4 1200 800
4 1300 800
4 1700 500
4 1800 500
4 1900 500
4 2000 500
4 2100 500
4 2200 500
4 1700 600
4 1800 600
4 1900 600
4 2000 600
4 2100 600
4 2200 600
4 1700 700
4 1800 700
4 1900 700
4 2000 700
4 2100 700
4 2200 700
4 1700 800
4 1800 800
4 1900 800
4 2000 800
4 2100 800
4 2200 800
4 2500 700
4 2500 800
4 2800 400
4 2900 400
4 3000 400
4 2800 500
4 2900 500
4 3000 500
4 2800 600
4 2900 600
4 3000 600
4 2800 700
4 2900 700
4 3000 700
4 2800 800
4 2900 800
4 3000 800
4 1900 300
4 2000 300
4 2100 300
4 1900 200
4 2000 200
4 2100 200
4 1900 100
4 2000 100
4 2100 100


1
1000 100
1
4300 200
0
0