0 200
0
0
89
4 1000 150
4 1000 50
4 1000 -50
4 1000 -150
4 1000 -250
4 1100 -50
4 1100 -250
4 1200 -50 
4 1200 -250

4 1400 150
4 1400 -250
4 1500 150
4 1500 50
4 1500 -50
4 1500 -150
4 1500 -250
4 1600 150
4 1600 -250

4 1800 -250
4 1900 150
4 1900 50
4 1900 -50
4 1900 -150
4 1900 -250
4 2000 -250

4 2200 -50
4 2300 -50
4 2400 -50

4 2600 150
4 2600 50
4 2600 -50
4 2600 -150
4 2600 -250
4 2700 -50
4 2800 -50
4 2900 150
4 2900 50
4 2900 -50
4 2900 -150
4 2900 -250

4 3100 150
4 3100 50
4 3100 -50
4 3100 -150
4 3100 -250
4 3200 150
4 3200 -250
4 3300 150
4 3300 -250

4 3500 150
4 3500 50
4 3500 -50
4 3500 -150
4 3500 -250
4 3600 -150
4 3700 -50
4 3800 50
4 3900 150
4 4000 50
4 4100 -50
4 4200 -150
4 4300 150
4 4300 50
4 4300 -50
4 4300 -150
4 4300 -250

4 4500 150
4 4500 50
4 4500 -50
4 4500 -150
4 4500 -250
4 4600 150
4 4700 150
4 4800 150
4 4800 50
4 4800 -50
4 4800 -150
4 4800 -250

4 5000 150
4 5000 -50
4 5000 -150
4 5000 -250
4 5100 150
4 5100 -50
4 5100 -250
4 5200 150
4 5200 50
4 5200 -50
4 5200 -250
0
2
1 700 100
3 000 500
0
2
600 500
800 900
0
0
00 200
0
0
89
4 1000 150
4 1000 50
4 1000 -50
4 1000 -150
4 1000 -250
4 1100 -50
4 1100 -250
4 1200 -50 
4 1200 -250

4 1400 150
4 1400 -250
4 1500 150
4 1500 50
4 1500 -50
4 1500 -150
4 1500 -250
4 1600 150
4 1600 -250

4 1800 -250
4 1900 150
4 1900 50
4 1900 -50
4 1900 -150
4 1900 -250
4 2000 -250

4 2200 -50
4 2300 -50
4 2400 -50

4 2600 150
4 2600 50
4 2600 -50
4 2600 -150
4 2600 -250
4 2700 -50
4 2800 -50
4 2900 150
4 2900 50
4 2900 -50
4 2900 -150
4 2900 -250

4 3100 150
4 3100 50
4 3100 -50
4 3100 -150
4 3100 -250
4 3200 150
4 3200 -250
4 3300 150
4 3300 -250

4 3500 150
4 3500 50
4 3500 -50
4 3500 -150
4 3500 -250
4 3600 -150
4 3700 -50
4 3800 50
4 3900 150
4 4000 50
4 4100 -50
4 4200 -150
4 4300 150
4 4300 50
4 4300 -50
4 4300 -150
4 4300 -250

4 4500 150
4 4500 50
4 4500 -50
4 4500 -150
4 4500 -250
4 4600 150
4 4700 150
4 4800 150
4 4800 50
4 4800 -50
4 4800 -150
4 4800 -250

4 5000 150
4 5000 -50
4 5000 -150
4 5000 -250
4 5100 150
4 5100 -50
4 5100 -250
4 5200 150
4 5200 50
4 5200 -50
4 5200 -250
0
2
1 700 100
3 000 500
0
2
600 500
800 900
0
0
0